Pocisk: 0.3 0.00745 0.00025
Golfowa: 0.2 0.0456 0.001425
Koszykowa: 0.25 0.65 0.045
Plazowa: 0.47 0.48 0.5
Ping: 0.5 0.0027 0.00126